==========================================================================================
Information: 
Exchange parameters generated by TB2J 0.9.0.1
Generation time: 24/07/14 23:33:34
 Input from non-collinear Wannier90 data.
Tight binding data from ./.
Prefix of wannier function files:wannier.
Warning: Please check if the noise level of Wannier function Hamiltonian to make sure it is much smaller than the exchange values.
The DMI component parallel to the spin orientation, the Jani which has the component of that orientation should be disregarded
e.g. if the spins are along z, the xz, yz, zz, zx, zy components and the z component of DMI.
If you need these component, try to do three calculations with spin along x, y, z,  or use structure with z rotated to x, y and z. And then use TB2J_merge.py to get the full set of parameters.
==========================================================================================
Cell (Angstrom):
3.80444396  -0.00000000  0.00000000
-0.00000000  3.80444224  0.00000000
0.00000000  0.00000000  3.80444854

==========================================================================================
Atoms:  
(Note: charge and magmoms only count the wannier functions.)
Atom_number        x             y             z       w_charge    M(x)      M(y)      M(z)   
Sr1             0.00000000    0.00000000    0.00000000    0.0000    0.0000    0.0000    0.0000
Mn1             1.90222198    1.90222112    1.90222427    5.5051    0.0000    0.0000    2.6903
O1              0.00000000    1.90222112    1.90222427    5.1883   -0.0000    0.0000    0.1264
O2              1.90222198    0.00000000    1.90222427    5.1883    0.0000   -0.0000    0.1264
O3              1.90222198    1.90222112    0.00000000    5.1854    0.0000    0.0000    0.1228
Total                                                    21.0671    0.0000    0.0000    3.0659

==========================================================================================
Exchange: 
    i      j          R        J_iso(meV)          vector          distance(A) 
----------------------------------------------------------------------------------------
   Mn1   Mn1   (  0,  -1,   0) 23435.8454   ( 0.000, -3.804,  0.000)  3.804 
J_iso: 23435.8454 
[Testing!] DMI: (-0.2507  0.0094 -0.8647)
[Testing!]J_ani:
[[    -3.433     -0.002     -0.04 ]
 [    -0.002     -3.935     -0.041]
 [    -0.04      -0.041 -18071.407]]
----------------------------------------------------------------------------------------
   Mn1   Mn1   (  0,   1,   0) 23435.8454   ( 0.000,  3.804,  0.000)  3.804 
J_iso: 23435.8454 
[Testing!] DMI: ( 0.2507 -0.0094  0.8647)
[Testing!]J_ani:
[[    -3.433     -0.002     -0.04 ]
 [    -0.002     -3.935     -0.041]
 [    -0.04      -0.041 -18071.407]]
----------------------------------------------------------------------------------------
   Mn1   Mn1   (  1,   0,   0) 23435.8473   ( 3.804,  0.000,  0.000)  3.804 
J_iso: 23435.8473 
[Testing!] DMI: ( 0.0094 -0.2506 -0.8646)
[Testing!]J_ani:
[[    -3.935     -0.002     -0.041]
 [    -0.002     -3.433     -0.04 ]
 [    -0.041     -0.04  -18071.413]]
----------------------------------------------------------------------------------------
   Mn1   Mn1   ( -1,   0,   0) 23435.8473   (-3.804,  0.000,  0.000)  3.804 
J_iso: 23435.8473 
[Testing!] DMI: (-0.0094  0.2506  0.8646)
[Testing!]J_ani:
[[    -3.935     -0.002     -0.041]
 [    -0.002     -3.433     -0.04 ]
 [    -0.041     -0.04  -18071.413]]
----------------------------------------------------------------------------------------
   Mn1   Mn1   (  0,   0,  -1) 23361.6894   ( 0.000,  0.000, -3.804)  3.804 
J_iso: 23361.6894 
[Testing!] DMI: ( 0.2541 -0.2541 -0.0000)
[Testing!]J_ani:
[[    -1.773     -0.009     -0.194]
 [    -0.009     -1.773     -0.194]
 [    -0.194     -0.194 -16581.258]]
----------------------------------------------------------------------------------------
   Mn1   Mn1   (  0,   0,   1) 23361.6894   ( 0.000,  0.000,  3.804)  3.804 
J_iso: 23361.6894 
[Testing!] DMI: (-0.2541  0.2541  0.0000)
[Testing!]J_ani:
[[    -1.773     -0.009     -0.194]
 [    -0.009     -1.773     -0.194]
 [    -0.194     -0.194 -16581.258]]
----------------------------------------------------------------------------------------
   Mn1   Mn1   (  1,  -1,   0) 266359.9747   ( 3.804, -3.804,  0.000)  5.380 
J_iso: 266359.9747 
[Testing!] DMI: (-2.9702 -2.9692 -37.6103)
[Testing!]J_ani:
[[    -39.71       -3.879       1.138]
 [     -3.879     -39.71        1.138]
 [      1.138       1.138 -208769.499]]
----------------------------------------------------------------------------------------
   Mn1   Mn1   (  1,   1,   0) 266352.6617   ( 3.804,  3.804,  0.000)  5.380 
J_iso: 266352.6617 
[Testing!] DMI: ( 4.3585 -4.3575  0.0019)
[Testing!]J_ani:
[[    -39.688       3.855      -1.946]
 [      3.855     -39.688      -1.945]
 [     -1.946      -1.945 -208461.441]]
----------------------------------------------------------------------------------------
   Mn1   Mn1   ( -1,  -1,   0) 266352.6617   (-3.804, -3.804,  0.000)  5.380 
J_iso: 266352.6617 
[Testing!] DMI: (-4.3585  4.3575 -0.0019)
[Testing!]J_ani:
[[    -39.688       3.855      -1.946]
 [      3.855     -39.688      -1.945]
 [     -1.946      -1.945 -208461.441]]
----------------------------------------------------------------------------------------
   Mn1   Mn1   ( -1,   1,   0) 266359.9747   (-3.804,  3.804,  0.000)  5.380 
J_iso: 266359.9747 
[Testing!] DMI: ( 2.9702  2.9692 37.6103)
[Testing!]J_ani:
[[    -39.71       -3.879       1.138]
 [     -3.879     -39.71        1.138]
 [      1.138       1.138 -208769.499]]
----------------------------------------------------------------------------------------
   Mn1   Mn1   (  0,  -1,  -1) 266130.1598   ( 0.000, -3.804, -3.804)  5.380 
J_iso: 266130.1598 
[Testing!] DMI: ( 0.2236 -3.4980 -18.1226)
[Testing!]J_ani:
[[    -30.607      -0.081      -8.921]
 [     -0.081     -31.146     -84.93 ]
 [     -8.921     -84.93  -201380.126]]
----------------------------------------------------------------------------------------
   Mn1   Mn1   (  0,  -1,   1) 266138.7481   ( 0.000, -3.804,  3.804)  5.380 
J_iso: 266138.7481 
[Testing!] DMI: (17.8831  3.0386 -18.1964)
[Testing!]J_ani:
[[    -30.975      -0.037       6.225]
 [     -0.037     -31.54       82.087]
 [      6.225      82.087 -202349.655]]
----------------------------------------------------------------------------------------
   Mn1   Mn1   (  0,   1,  -1) 266138.7481   ( 0.000,  3.804, -3.804)  5.380 
J_iso: 266138.7481 
[Testing!] DMI: (-17.8831 -3.0386 18.1964)
[Testing!]J_ani:
[[    -30.975      -0.037       6.225]
 [     -0.037     -31.54       82.087]
 [      6.225      82.087 -202349.655]]
----------------------------------------------------------------------------------------
   Mn1   Mn1   (  0,   1,   1) 266130.1598   ( 0.000,  3.804,  3.804)  5.380 
J_iso: 266130.1598 
[Testing!] DMI: (-0.2236  3.4980 18.1226)
[Testing!]J_ani:
[[    -30.607      -0.081      -8.921]
 [     -0.081     -31.146     -84.93 ]
 [     -8.921     -84.93  -201380.126]]
----------------------------------------------------------------------------------------
   Mn1   Mn1   (  1,   0,  -1) 266138.7628   ( 3.804,  0.000, -3.804)  5.380 
J_iso: 266138.7628 
[Testing!] DMI: ( 3.0396 17.8852 -18.1949)
[Testing!]J_ani:
[[    -31.54       -0.037      82.089]
 [     -0.037     -30.975       6.225]
 [     82.089       6.225 -202349.675]]
----------------------------------------------------------------------------------------
   Mn1   Mn1   ( -1,   0,  -1) 266130.1749   (-3.804,  0.000, -3.804)  5.380 
J_iso: 266130.1749 
[Testing!] DMI: ( 3.4988 -0.2237 18.1207)
[Testing!]J_ani:
[[    -31.146      -0.081     -84.932]
 [     -0.081     -30.607      -8.921]
 [    -84.932      -8.921 -201380.183]]
----------------------------------------------------------------------------------------
   Mn1   Mn1   ( -1,   0,   1) 266138.7628   (-3.804,  0.000,  3.804)  5.380 
J_iso: 266138.7628 
[Testing!] DMI: (-3.0396 -17.8852 18.1949)
[Testing!]J_ani:
[[    -31.54       -0.037      82.089]
 [     -0.037     -30.975       6.225]
 [     82.089       6.225 -202349.675]]
----------------------------------------------------------------------------------------
   Mn1   Mn1   (  1,   0,   1) 266130.1749   ( 3.804,  0.000,  3.804)  5.380 
J_iso: 266130.1749 
[Testing!] DMI: (-3.4988  0.2237 -18.1207)
[Testing!]J_ani:
[[    -31.146      -0.081     -84.932]
 [     -0.081     -30.607      -8.921]
 [    -84.932      -8.921 -201380.183]]
----------------------------------------------------------------------------------------
   Mn1   Mn1   ( -1,  -1,  -1) 3049207.4134   (-3.804, -3.804, -3.804)  6.589 
J_iso: 3049207.4134 
[Testing!] DMI: (-42.1996 42.2013  0.0050)
[Testing!]J_ani:
[[    -352.667       27.612     -676.551]
 [      27.612     -352.668     -676.534]
 [    -676.551     -676.534 -2329556.115]]
----------------------------------------------------------------------------------------
   Mn1   Mn1   ( -1,   1,  -1) 3049930.6624   (-3.804,  3.804, -3.804)  6.589 
J_iso: 3049930.6624 
[Testing!] DMI: (-399.8700 -62.4791 797.4591)
[Testing!]J_ani:
[[    -356.181      -28.565     -451.299]
 [     -28.565     -356.616      536.257]
 [    -451.299      536.257 -2361776.396]]
----------------------------------------------------------------------------------------
   Mn1   Mn1   (  1,  -1,  -1) 3049930.6546   ( 3.804, -3.804, -3.804)  6.589 
J_iso: 3049930.6546 
[Testing!] DMI: (62.4838 399.9291 -797.5507)
[Testing!]J_ani:
[[    -356.615      -28.565      536.272]
 [     -28.565     -356.182     -451.289]
 [     536.272     -451.289 -2361775.589]]
----------------------------------------------------------------------------------------
   Mn1   Mn1   (  1,  -1,   1) 3049930.6624   ( 3.804, -3.804,  3.804)  6.589 
J_iso: 3049930.6624 
[Testing!] DMI: (399.8700 62.4791 -797.4591)
[Testing!]J_ani:
[[    -356.181      -28.565     -451.299]
 [     -28.565     -356.616      536.257]
 [    -451.299      536.257 -2361776.396]]
----------------------------------------------------------------------------------------
   Mn1   Mn1   (  1,   1,  -1) 3049964.8120   ( 3.804,  3.804, -3.804)  6.589 
J_iso: 3049964.8120 
[Testing!] DMI: (-459.6591 459.7168  0.0758)
[Testing!]J_ani:
[[    -358.476       28.073      529.538]
 [      28.073     -358.476      529.526]
 [     529.538      529.526 -2365992.009]]
----------------------------------------------------------------------------------------
   Mn1   Mn1   (  1,   1,   1) 3049207.4134   ( 3.804,  3.804,  3.804)  6.589 
J_iso: 3049207.4134 
[Testing!] DMI: (42.1996 -42.2013 -0.0050)
[Testing!]J_ani:
[[    -352.667       27.612     -676.551]
 [      27.612     -352.668     -676.534]
 [    -676.551     -676.534 -2329556.115]]
----------------------------------------------------------------------------------------
   Mn1   Mn1   ( -1,  -1,   1) 3049964.8120   (-3.804, -3.804,  3.804)  6.589 
J_iso: 3049964.8120 
[Testing!] DMI: (459.6591 -459.7168 -0.0758)
[Testing!]J_ani:
[[    -358.476       28.073      529.538]
 [      28.073     -358.476      529.526]
 [     529.538      529.526 -2365992.009]]
----------------------------------------------------------------------------------------
   Mn1   Mn1   ( -1,   1,   1) 3049930.6546   (-3.804,  3.804,  3.804)  6.589 
J_iso: 3049930.6546 
[Testing!] DMI: (-62.4838 -399.9291 797.5507)
[Testing!]J_ani:
[[    -356.615      -28.565      536.272]
 [     -28.565     -356.182     -451.289]
 [     536.272     -451.289 -2361775.589]]
----------------------------------------------------------------------------------------
   Mn1   Mn1   (  0,  -2,   0) 2102438.8269   ( 0.000, -7.609,  0.000)  7.609 
J_iso: 2102438.8269 
[Testing!] DMI: (-33.1013  1.3228 -99.0155)
[Testing!]J_ani:
[[    -321.969       -0.045       -1.687]
 [      -0.045     -381.935       -1.882]
 [      -1.687       -1.882 -1643118.711]]
----------------------------------------------------------------------------------------
   Mn1   Mn1   (  0,   2,   0) 2102438.8269   ( 0.000,  7.609,  0.000)  7.609 
J_iso: 2102438.8269 
[Testing!] DMI: (33.1013 -1.3228 99.0155)
[Testing!]J_ani:
[[    -321.969       -0.045       -1.687]
 [      -0.045     -381.935       -1.882]
 [      -1.687       -1.882 -1643118.711]]
----------------------------------------------------------------------------------------
   Mn1   Mn1   ( -2,   0,   0) 2102439.2328   (-7.609,  0.000,  0.000)  7.609 
J_iso: 2102439.2328 
[Testing!] DMI: (-1.3228 33.0957 99.0057)
[Testing!]J_ani:
[[    -381.935       -0.045       -1.882]
 [      -0.045     -321.969       -1.687]
 [      -1.882       -1.687 -1643119.603]]
----------------------------------------------------------------------------------------
   Mn1   Mn1   (  2,   0,   0) 2102439.2328   ( 7.609,  0.000,  0.000)  7.609 
J_iso: 2102439.2328 
[Testing!] DMI: ( 1.3228 -33.0957 -99.0057)
[Testing!]J_ani:
[[    -381.935       -0.045       -1.882]
 [      -0.045     -321.969       -1.687]
 [      -1.882       -1.687 -1643119.603]]
----------------------------------------------------------------------------------------
   Mn1   Mn1   (  0,   0,  -2) 2093296.9874   ( 0.000,  0.000, -7.609)  7.609 
J_iso: 2093296.9874 
[Testing!] DMI: (33.8075 -33.8046 -0.0006)
[Testing!]J_ani:
[[     -72.48        -1.377      -28.89 ]
 [      -1.377      -72.479      -28.887]
 [     -28.89       -28.887 -1405803.246]]
----------------------------------------------------------------------------------------
   Mn1   Mn1   (  0,   0,   2) 2093296.9874   ( 0.000,  0.000,  7.609)  7.609 
J_iso: 2093296.9874 
[Testing!] DMI: (-33.8075 33.8046  0.0006)
[Testing!]J_ani:
[[     -72.48        -1.377      -28.89 ]
 [      -1.377      -72.479      -28.887]
 [     -28.89       -28.887 -1405803.246]]
----------------------------------------------------------------------------------------
   Mn1   Mn1   ( -1,  -2,   0) 24015511.6326   (-3.804, -7.609,  0.000)  8.507 
J_iso: 24015511.6326 
[Testing!] DMI: (-756.9199 435.4131 89.5004)
[Testing!]J_ani:
[[    -3433.082       325.25        -85.669]
 [      325.25      -3625.929       -84.445]
 [      -85.669       -84.445 -18902011.473]]
----------------------------------------------------------------------------------------
   Mn1   Mn1   ( -1,   2,   0) 24016895.1186   (-3.804,  7.609,  0.000)  8.507 
J_iso: 24016895.1186 
[Testing!] DMI: (543.2262 242.3477 4381.0267)
[Testing!]J_ani:
[[    -3435.46       -325.914        29.138]
 [     -325.914     -3627.749        23.138]
 [       29.138        23.138 -18940960.41 ]]
----------------------------------------------------------------------------------------
   Mn1   Mn1   (  1,  -2,   0) 24016895.1186   ( 3.804, -7.609,  0.000)  8.507 
J_iso: 24016895.1186 
[Testing!] DMI: (-543.2262 -242.3477 -4381.0267)
[Testing!]J_ani:
[[    -3435.46       -325.914        29.138]
 [     -325.914     -3627.749        23.138]
 [       29.138        23.138 -18940960.41 ]]
----------------------------------------------------------------------------------------
   Mn1   Mn1   (  1,   2,   0) 24015511.6326   ( 3.804,  7.609,  0.000)  8.507 
J_iso: 24015511.6326 
[Testing!] DMI: (756.9199 -435.4131 -89.5004)
[Testing!]J_ani:
[[    -3433.082       325.25        -85.669]
 [      325.25      -3625.929       -84.445]
 [      -85.669       -84.445 -18902011.473]]
----------------------------------------------------------------------------------------
   Mn1   Mn1   (  0,  -2,  -1) 24015362.3189   ( 0.000, -7.609, -3.804)  8.507 
J_iso: 24015362.3189 
[Testing!] DMI: (-459.8731 -309.5265 -2132.8007)
[Testing!]J_ani:
[[    -3120.919        -1.05       -162.157]
 [       -1.05      -3280.502     -1406.117]
 [     -162.157     -1406.117 -18821857.716]]
----------------------------------------------------------------------------------------
   Mn1   Mn1   (  0,  -2,   1) 24016844.9600   ( 0.000, -7.609,  3.804)  8.507 
J_iso: 24016844.9600 
[Testing!] DMI: (2652.0351 246.4580 -2149.3096)
[Testing!]J_ani:
[[    -3126.513        -0.816        76.296]
 [       -0.816     -3290.799      1302.712]
 [       76.296      1302.712 -18875277.372]]
----------------------------------------------------------------------------------------
   Mn1   Mn1   (  0,   2,  -1) 24016844.9600   ( 0.000,  7.609, -3.804)  8.507 
J_iso: 24016844.9600 
[Testing!] DMI: (-2652.0351 -246.4580 2149.3096)
[Testing!]J_ani:
[[    -3126.513        -0.816        76.296]
 [       -0.816     -3290.799      1302.712]
 [       76.296      1302.712 -18875277.372]]
----------------------------------------------------------------------------------------
   Mn1   Mn1   (  0,   2,   1) 24015362.3189   ( 0.000,  7.609,  3.804)  8.507 
J_iso: 24015362.3189 
[Testing!] DMI: (459.8731 309.5265 2132.8007)
[Testing!]J_ani:
[[    -3120.919        -1.05       -162.157]
 [       -1.05      -3280.502     -1406.117]
 [     -162.157     -1406.117 -18821857.716]]
----------------------------------------------------------------------------------------
   Mn1   Mn1   ( -2,  -1,   0) 24015513.9255   (-7.609, -3.804,  0.000)  8.507 
J_iso: 24015513.9255 
[Testing!] DMI: (-435.5378 756.8023 -89.9147)
[Testing!]J_ani:
[[    -3625.922       325.249       -84.444]
 [      325.249     -3433.087       -85.668]
 [      -84.444       -85.668 -18902015.955]]
----------------------------------------------------------------------------------------
   Mn1   Mn1   ( -2,   1,   0) 24016897.4122   (-7.609,  3.804,  0.000)  8.507 
J_iso: 24016897.4122 
[Testing!] DMI: (242.4727 543.1091 4381.0364)
[Testing!]J_ani:
[[    -3627.742      -325.913        23.141]
 [     -325.913     -3435.465        29.135]
 [       23.141        29.135 -18940964.67 ]]
----------------------------------------------------------------------------------------
   Mn1   Mn1   (  2,  -1,   0) 24016897.4122   ( 7.609, -3.804,  0.000)  8.507 
J_iso: 24016897.4122 
[Testing!] DMI: (-242.4727 -543.1091 -4381.0364)
[Testing!]J_ani:
[[    -3627.742      -325.913        23.141]
 [     -325.913     -3435.465        29.135]
 [       23.141        29.135 -18940964.67 ]]
----------------------------------------------------------------------------------------
   Mn1   Mn1   (  2,   1,   0) 24015513.9255   ( 7.609,  3.804,  0.000)  8.507 
J_iso: 24015513.9255 
[Testing!] DMI: (435.5378 -756.8023 89.9147)
[Testing!]J_ani:
[[    -3625.922       325.249       -84.444]
 [      325.249     -3433.087       -85.668]
 [      -84.444       -85.668 -18902015.955]]
----------------------------------------------------------------------------------------
   Mn1   Mn1   ( -2,   0,  -1) 24015365.7145   (-7.609,  0.000, -3.804)  8.507 
J_iso: 24015365.7145 
[Testing!] DMI: (309.6430 459.8591 2132.5771)
[Testing!]J_ani:
[[    -3280.499        -1.05      -1406.134]
 [       -1.05      -3120.92       -162.154]
 [    -1406.134      -162.154 -18821864.158]]
----------------------------------------------------------------------------------------
   Mn1   Mn1   ( -2,   0,   1) 24016848.3127   (-7.609,  0.000,  3.804)  8.507 
J_iso: 24016848.3127 
[Testing!] DMI: (-246.5863 -2652.3170 2149.1497)
[Testing!]J_ani:
[[    -3290.795        -0.816      1302.732]
 [       -0.816     -3126.514        76.295]
 [     1302.732        76.295 -18875281.138]]
----------------------------------------------------------------------------------------
   Mn1   Mn1   (  2,   0,  -1) 24016848.3127   ( 7.609,  0.000, -3.804)  8.507 
J_iso: 24016848.3127 
[Testing!] DMI: (246.5863 2652.3170 -2149.1497)
[Testing!]J_ani:
[[    -3290.795        -0.816      1302.732]
 [       -0.816     -3126.514        76.295]
 [     1302.732        76.295 -18875281.138]]
----------------------------------------------------------------------------------------
   Mn1   Mn1   (  2,   0,   1) 24015365.7145   ( 7.609,  0.000,  3.804)  8.507 
J_iso: 24015365.7145 
[Testing!] DMI: (-309.6430 -459.8591 -2132.5771)
[Testing!]J_ani:
[[    -3280.499        -1.05      -1406.134]
 [       -1.05      -3120.92       -162.154]
 [    -1406.134      -162.154 -18821864.158]]
----------------------------------------------------------------------------------------
   Mn1   Mn1   (  0,  -1,  -2) 23988033.9899   ( 0.000, -3.804, -7.609)  8.507 
J_iso: 23988033.9899 
[Testing!] DMI: (511.3121 -636.3133 -2036.7360)
[Testing!]J_ani:
[[    -2332.978       -12.173     -1345.227]
 [      -12.173     -2247.805    -12676.873]
 [    -1345.227    -12676.873 -17758111.236]]
----------------------------------------------------------------------------------------
   Mn1   Mn1   (  0,   1,  -2) 23989507.9719   ( 0.000,  3.804, -7.609)  8.507 
J_iso: 23989507.9719 
[Testing!] DMI: (-2614.0643 -548.1118 2024.4846)
[Testing!]J_ani:
[[    -2388.547        -5.365       954.284]
 [       -5.365     -2306.319     12264.034]
 [      954.284     12264.034 -17902112.143]]
----------------------------------------------------------------------------------------
   Mn1   Mn1   (  0,  -1,   2) 23989507.9719   ( 0.000, -3.804,  7.609)  8.507 
J_iso: 23989507.9719 
[Testing!] DMI: (2614.0643 548.1118 -2024.4846)
[Testing!]J_ani:
[[    -2388.547        -5.365       954.284]
 [       -5.365     -2306.319     12264.034]
 [      954.284     12264.034 -17902112.143]]
----------------------------------------------------------------------------------------
   Mn1   Mn1   (  0,   1,   2) 23988033.9899   ( 0.000,  3.804,  7.609)  8.507 
J_iso: 23988033.9899 
[Testing!] DMI: (-511.3121 636.3133 2036.7360)
[Testing!]J_ani:
[[    -2332.978       -12.173     -1345.227]
 [      -12.173     -2247.805    -12676.873]
 [    -1345.227    -12676.873 -17758111.236]]
----------------------------------------------------------------------------------------
   Mn1   Mn1   ( -1,   0,  -2) 23988035.0784   (-3.804,  0.000, -7.609)  8.507 
J_iso: 23988035.0784 
[Testing!] DMI: (636.4132 -511.3236 2036.5174)
[Testing!]J_ani:
[[    -2247.81        -12.173    -12677.209]
 [      -12.173     -2332.975     -1345.18 ]
 [   -12677.209     -1345.18  -17758114.97 ]]
----------------------------------------------------------------------------------------
   Mn1   Mn1   (  1,   0,  -2) 23989509.0163   ( 3.804,  0.000, -7.609)  8.507 
J_iso: 23989509.0163 
[Testing!] DMI: (548.2244 2614.3258 -2024.3243)
[Testing!]J_ani:
[[    -2306.321        -5.365     12264.343]
 [       -5.365     -2388.542       954.266]
 [    12264.343       954.266 -17902110.737]]
----------------------------------------------------------------------------------------
   Mn1   Mn1   ( -1,   0,   2) 23989509.0163   (-3.804,  0.000,  7.609)  8.507 
J_iso: 23989509.0163 
[Testing!] DMI: (-548.2244 -2614.3258 2024.3243)
[Testing!]J_ani:
[[    -2306.321        -5.365     12264.343]
 [       -5.365     -2388.542       954.266]
 [    12264.343       954.266 -17902110.737]]
----------------------------------------------------------------------------------------
   Mn1   Mn1   (  1,   0,   2) 23988035.0784   ( 3.804,  0.000,  7.609)  8.507 
J_iso: 23988035.0784 
[Testing!] DMI: (-636.4132 511.3236 -2036.5174)
[Testing!]J_ani:
[[    -2247.81        -12.173    -12677.209]
 [      -12.173     -2332.975     -1345.18 ]
 [   -12677.209     -1345.18  -17758114.97 ]]
----------------------------------------------------------------------------------------
   Mn1   Mn1   ( -1,  -2,  -1) 276269665.2443   (-3.804, -7.609, -3.804)  9.319 
J_iso: 276269665.2443 
[Testing!] DMI: (-7404.5916 6223.4549 1714.1584)
[Testing!]J_ani:
[[-3.150e+04  2.667e+03 -1.727e+04]
 [ 2.667e+03 -3.280e+04 -1.582e+04]
 [-1.727e+04 -1.582e+04 -2.120e+08]]
----------------------------------------------------------------------------------------
   Mn1   Mn1   ( -1,  -2,   1) 276378161.0640   (-3.804, -7.609,  3.804)  9.319 
J_iso: 276378161.0640 
[Testing!] DMI: (52977.3592 -68867.8158 807.8532)
[Testing!]J_ani:
[[-3.174e+04  2.659e+03  1.076e+04]
 [ 2.659e+03 -3.303e+04  9.245e+03]
 [ 1.076e+04  9.245e+03 -2.162e+08]]
----------------------------------------------------------------------------------------
   Mn1   Mn1   ( -1,   2,  -1) 276382717.3376   (-3.804,  7.609, -3.804)  9.319 
J_iso: 276382717.3376 
[Testing!] DMI: (-62828.3986 -9617.6162 94275.8456)
[Testing!]J_ani:
[[-3.169e+04 -2.670e+03 -9.591e+03]
 [-2.670e+03 -3.303e+04  9.553e+03]
 [-9.591e+03  9.553e+03 -2.160e+08]]
----------------------------------------------------------------------------------------
   Mn1   Mn1   ( -1,   2,   1) 276376097.9458   (-3.804,  7.609,  3.804)  9.319 
J_iso: 276376097.9458 
[Testing!] DMI: (9633.6867 -59654.9294 95199.4350)
[Testing!]J_ani:
[[-3.174e+04 -2.669e+03  1.102e+04]
 [-2.669e+03 -3.297e+04 -8.229e+03]
 [ 1.102e+04 -8.229e+03 -2.160e+08]]
----------------------------------------------------------------------------------------
   Mn1   Mn1   (  1,  -2,  -1) 276376097.9458   ( 3.804, -7.609, -3.804)  9.319 
J_iso: 276376097.9458 
[Testing!] DMI: (-9633.6867 59654.9294 -95199.4350)
[Testing!]J_ani:
[[-3.174e+04 -2.669e+03  1.102e+04]
 [-2.669e+03 -3.297e+04 -8.229e+03]
 [ 1.102e+04 -8.229e+03 -2.160e+08]]
----------------------------------------------------------------------------------------
   Mn1   Mn1   (  1,  -2,   1) 276382717.3376   ( 3.804, -7.609,  3.804)  9.319 
J_iso: 276382717.3376 
[Testing!] DMI: (62828.3986 9617.6162 -94275.8456)
[Testing!]J_ani:
[[-3.169e+04 -2.670e+03 -9.591e+03]
 [-2.670e+03 -3.303e+04  9.553e+03]
 [-9.591e+03  9.553e+03 -2.160e+08]]
----------------------------------------------------------------------------------------
   Mn1   Mn1   (  1,   2,  -1) 276378161.0640   ( 3.804,  7.609, -3.804)  9.319 
J_iso: 276378161.0640 
[Testing!] DMI: (-52977.3592 68867.8158 -807.8532)
[Testing!]J_ani:
[[-3.174e+04  2.659e+03  1.076e+04]
 [ 2.659e+03 -3.303e+04  9.245e+03]
 [ 1.076e+04  9.245e+03 -2.162e+08]]
----------------------------------------------------------------------------------------
   Mn1   Mn1   (  1,   2,   1) 276269665.2443   ( 3.804,  7.609,  3.804)  9.319 
J_iso: 276269665.2443 
[Testing!] DMI: (7404.5916 -6223.4549 -1714.1584)
[Testing!]J_ani:
[[-3.150e+04  2.667e+03 -1.727e+04]
 [ 2.667e+03 -3.280e+04 -1.582e+04]
 [-1.727e+04 -1.582e+04 -2.120e+08]]
----------------------------------------------------------------------------------------
   Mn1   Mn1   ( -2,  -1,  -1) 276269684.3415   (-7.609, -3.804, -3.804)  9.319 
J_iso: 276269684.3415 
[Testing!] DMI: (-6223.2192 7404.6606 -1713.0847)
[Testing!]J_ani:
[[-3.280e+04  2.667e+03 -1.582e+04]
 [ 2.667e+03 -3.150e+04 -1.727e+04]
 [-1.582e+04 -1.727e+04 -2.120e+08]]
----------------------------------------------------------------------------------------
   Mn1   Mn1   ( -2,  -1,   1) 276378180.2084   (-7.609, -3.804,  3.804)  9.319 
J_iso: 276378180.2084 
[Testing!] DMI: (68859.7979 -52984.7816 -825.1181)
[Testing!]J_ani:
[[-3.303e+04  2.659e+03  9.246e+03]
 [ 2.659e+03 -3.174e+04  1.076e+04]
 [ 9.246e+03  1.076e+04 -2.162e+08]]
----------------------------------------------------------------------------------------
   Mn1   Mn1   ( -2,   1,  -1) 276376117.9047   (-7.609,  3.804, -3.804)  9.319 
J_iso: 276376117.9047 
[Testing!] DMI: (-59646.5195 9634.8971 95189.0883)
[Testing!]J_ani:
[[-3.297e+04 -2.669e+03 -8.229e+03]
 [-2.669e+03 -3.174e+04  1.102e+04]
 [-8.229e+03  1.102e+04 -2.160e+08]]
----------------------------------------------------------------------------------------
   Mn1   Mn1   ( -2,   1,   1) 276382735.5435   (-7.609,  3.804,  3.804)  9.319 
J_iso: 276382735.5435 
[Testing!] DMI: (-9618.4204 -62836.8059 94286.3283)
[Testing!]J_ani:
[[-3.303e+04 -2.670e+03  9.553e+03]
 [-2.670e+03 -3.169e+04 -9.591e+03]
 [ 9.553e+03 -9.591e+03 -2.160e+08]]
----------------------------------------------------------------------------------------
   Mn1   Mn1   (  2,  -1,  -1) 276382735.5435   ( 7.609, -3.804, -3.804)  9.319 
J_iso: 276382735.5435 
[Testing!] DMI: (9618.4204 62836.8059 -94286.3283)
[Testing!]J_ani:
[[-3.303e+04 -2.670e+03  9.553e+03]
 [-2.670e+03 -3.169e+04 -9.591e+03]
 [ 9.553e+03 -9.591e+03 -2.160e+08]]
----------------------------------------------------------------------------------------
   Mn1   Mn1   (  2,  -1,   1) 276376117.9047   ( 7.609, -3.804,  3.804)  9.319 
J_iso: 276376117.9047 
[Testing!] DMI: (59646.5195 -9634.8971 -95189.0883)
[Testing!]J_ani:
[[-3.297e+04 -2.669e+03 -8.229e+03]
 [-2.669e+03 -3.174e+04  1.102e+04]
 [-8.229e+03  1.102e+04 -2.160e+08]]
----------------------------------------------------------------------------------------
   Mn1   Mn1   (  2,   1,  -1) 276378180.2084   ( 7.609,  3.804, -3.804)  9.319 
J_iso: 276378180.2084 
[Testing!] DMI: (-68859.7979 52984.7816 825.1181)
[Testing!]J_ani:
[[-3.303e+04  2.659e+03  9.246e+03]
 [ 2.659e+03 -3.174e+04  1.076e+04]
 [ 9.246e+03  1.076e+04 -2.162e+08]]
----------------------------------------------------------------------------------------
   Mn1   Mn1   (  2,   1,   1) 276269684.3415   ( 7.609,  3.804,  3.804)  9.319 
J_iso: 276269684.3415 
[Testing!] DMI: (6223.2192 -7404.6606 1713.0847)
[Testing!]J_ani:
[[-3.280e+04  2.667e+03 -1.582e+04]
 [ 2.667e+03 -3.150e+04 -1.727e+04]
 [-1.582e+04 -1.727e+04 -2.120e+08]]
----------------------------------------------------------------------------------------
   Mn1   Mn1   (  1,  -1,  -2) 276299181.8300   ( 3.804, -3.804, -7.609)  9.319 
J_iso: 276299181.8300 
[Testing!] DMI: (28633.4871 42909.8408 -88838.7392)
[Testing!]J_ani:
[[-2.787e+04 -2.095e+03  8.109e+04]
 [-2.095e+03 -2.783e+04 -6.826e+04]
 [ 8.109e+04 -6.826e+04 -2.109e+08]]
----------------------------------------------------------------------------------------
   Mn1   Mn1   (  1,   1,  -2) 276310306.5762   ( 3.804,  3.804, -7.609)  9.319 
J_iso: 276310306.5762 
[Testing!] DMI: (-71816.2002 71823.9001  8.6062)
[Testing!]J_ani:
[[-2.816e+04  2.026e+03  8.036e+04]
 [ 2.026e+03 -2.816e+04  8.036e+04]
 [ 8.036e+04  8.036e+04 -2.116e+08]]
----------------------------------------------------------------------------------------
   Mn1   Mn1   ( -1,  -1,  -2) 276195643.3483   (-3.804, -3.804, -7.609)  9.319 
J_iso: 276195643.3483 
[Testing!] DMI: (-5873.4729 5873.9314  0.6701)
[Testing!]J_ani:
[[-2.731e+04  1.953e+03 -1.021e+05]
 [ 1.953e+03 -2.731e+04 -1.021e+05]
 [-1.021e+05 -1.021e+05 -2.062e+08]]
----------------------------------------------------------------------------------------
   Mn1   Mn1   ( -1,  -1,   2) 276310306.5762   (-3.804, -3.804,  7.609)  9.319 
J_iso: 276310306.5762 
[Testing!] DMI: (71816.2002 -71823.9001 -8.6062)
[Testing!]J_ani:
[[-2.816e+04  2.026e+03  8.036e+04]
 [ 2.026e+03 -2.816e+04  8.036e+04]
 [ 8.036e+04  8.036e+04 -2.116e+08]]
----------------------------------------------------------------------------------------
   Mn1   Mn1   ( -1,   1,  -2) 276299182.6586   (-3.804,  3.804, -7.609)  9.319 
J_iso: 276299182.6586 
[Testing!] DMI: (-42902.0781 -28632.7365 88828.2597)
[Testing!]J_ani:
[[-2.783e+04 -2.095e+03 -6.826e+04]
 [-2.095e+03 -2.787e+04  8.109e+04]
 [-6.826e+04  8.109e+04 -2.109e+08]]
----------------------------------------------------------------------------------------
   Mn1   Mn1   ( -1,   1,   2) 276299181.8300   (-3.804,  3.804,  7.609)  9.319 
J_iso: 276299181.8300 
[Testing!] DMI: (-28633.4871 -42909.8408 88838.7392)
[Testing!]J_ani:
[[-2.787e+04 -2.095e+03  8.109e+04]
 [-2.095e+03 -2.783e+04 -6.826e+04]
 [ 8.109e+04 -6.826e+04 -2.109e+08]]
----------------------------------------------------------------------------------------
   Mn1   Mn1   (  1,  -1,   2) 276299182.6586   ( 3.804, -3.804,  7.609)  9.319 
J_iso: 276299182.6586 
[Testing!] DMI: (42902.0781 28632.7365 -88828.2597)
[Testing!]J_ani:
[[-2.783e+04 -2.095e+03 -6.826e+04]
 [-2.095e+03 -2.787e+04  8.109e+04]
 [-6.826e+04  8.109e+04 -2.109e+08]]
----------------------------------------------------------------------------------------
   Mn1   Mn1   (  1,   1,   2) 276195643.3483   ( 3.804,  3.804,  7.609)  9.319 
J_iso: 276195643.3483 
[Testing!] DMI: (5873.4729 -5873.9314 -0.6701)
[Testing!]J_ani:
[[-2.731e+04  1.953e+03 -1.021e+05]
 [ 1.953e+03 -2.731e+04 -1.021e+05]
 [-1.021e+05 -1.021e+05 -2.062e+08]]
----------------------------------------------------------------------------------------
   Mn1   Mn1   ( -2,  -2,   0) 2171695251.9859   (-7.609, -7.609,  0.000) 10.761 
J_iso: 2171695251.9859 
[Testing!] DMI: (-87584.3340 87569.5355 -23.2656)
[Testing!]J_ani:
[[-3.030e+05  2.541e+04 -8.974e+03]
 [ 2.541e+04 -3.030e+05 -8.974e+03]
 [-8.974e+03 -8.974e+03 -1.711e+09]]
----------------------------------------------------------------------------------------
   Mn1   Mn1   ( -2,   2,   0) 2171906477.7191   (-7.609,  7.609,  0.000) 10.761 
J_iso: 2171906477.7191 
[Testing!] DMI: (58007.5639 57992.7586 511939.0787)
[Testing!]J_ani:
[[-3.032e+05 -2.545e+04  2.472e+03]
 [-2.545e+04 -3.032e+05  2.472e+03]
 [ 2.472e+03  2.472e+03 -1.716e+09]]
----------------------------------------------------------------------------------------
   Mn1   Mn1   (  2,  -2,   0) 2171906477.7191   ( 7.609, -7.609,  0.000) 10.761 
J_iso: 2171906477.7191 
[Testing!] DMI: (-58007.5639 -57992.7586 -511939.0787)
[Testing!]J_ani:
[[-3.032e+05 -2.545e+04  2.472e+03]
 [-2.545e+04 -3.032e+05  2.472e+03]
 [ 2.472e+03  2.472e+03 -1.716e+09]]
----------------------------------------------------------------------------------------
   Mn1   Mn1   (  2,   2,   0) 2171695251.9859   ( 7.609,  7.609,  0.000) 10.761 
J_iso: 2171695251.9859 
[Testing!] DMI: (87584.3340 -87569.5355 23.2656)
[Testing!]J_ani:
[[-3.030e+05  2.541e+04 -8.974e+03]
 [ 2.541e+04 -3.030e+05 -8.974e+03]
 [-8.974e+03 -8.974e+03 -1.711e+09]]
----------------------------------------------------------------------------------------
   Mn1   Mn1   (  0,  -2,  -2) 2171714001.3762   ( 0.000, -7.609, -7.609) 10.761 
J_iso: 2171714001.3762 
[Testing!] DMI: (3123.2367 -69385.3363 -246348.9419)
[Testing!]J_ani:
[[-2.575e+05 -1.508e+02 -2.290e+04]
 [-1.508e+02 -2.633e+05 -1.979e+05]
 [-2.290e+04 -1.979e+05 -1.697e+09]]
----------------------------------------------------------------------------------------
   Mn1   Mn1   (  0,  -2,   2) 2171935960.9416   ( 0.000, -7.609,  7.609) 10.761 
J_iso: 2171935960.9416 
[Testing!] DMI: (379545.1297 57321.2147 -244625.9226)
[Testing!]J_ani:
[[-2.583e+05 -1.032e+02  1.185e+04]
 [-1.032e+02 -2.647e+05  1.844e+05]
 [ 1.185e+04  1.844e+05 -1.705e+09]]
----------------------------------------------------------------------------------------
   Mn1   Mn1   (  0,   2,  -2) 2171935960.9416   ( 0.000,  7.609, -7.609) 10.761 
J_iso: 2171935960.9416 
[Testing!] DMI: (-379545.1297 -57321.2147 244625.9226)
[Testing!]J_ani:
[[-2.583e+05 -1.032e+02  1.185e+04]
 [-1.032e+02 -2.647e+05  1.844e+05]
 [ 1.185e+04  1.844e+05 -1.705e+09]]
----------------------------------------------------------------------------------------
   Mn1   Mn1   (  0,   2,   2) 2171714001.3762   ( 0.000,  7.609,  7.609) 10.761 
J_iso: 2171714001.3762 
[Testing!] DMI: (-3123.2367 69385.3363 246348.9419)
[Testing!]J_ani:
[[-2.575e+05 -1.508e+02 -2.290e+04]
 [-1.508e+02 -2.633e+05 -1.979e+05]
 [-2.290e+04 -1.979e+05 -1.697e+09]]
----------------------------------------------------------------------------------------
   Mn1   Mn1   ( -2,   0,  -2) 2171714260.6769   (-7.609,  0.000, -7.609) 10.761 
J_iso: 2171714260.6769 
[Testing!] DMI: (69399.5031 -3124.3311 246323.6652)
[Testing!]J_ani:
[[-2.633e+05 -1.508e+02 -1.979e+05]
 [-1.508e+02 -2.575e+05 -2.290e+04]
 [-1.979e+05 -2.290e+04 -1.697e+09]]
----------------------------------------------------------------------------------------
   Mn1   Mn1   ( -2,   0,   2) 2171936215.1315   (-7.609,  0.000,  7.609) 10.761 
J_iso: 2171936215.1315 
[Testing!] DMI: (-57337.1887 -379581.4867 244607.6557)
[Testing!]J_ani:
[[-2.647e+05 -1.032e+02  1.844e+05]
 [-1.032e+02 -2.583e+05  1.185e+04]
 [ 1.844e+05  1.185e+04 -1.705e+09]]
----------------------------------------------------------------------------------------
   Mn1   Mn1   (  2,   0,  -2) 2171936215.1315   ( 7.609,  0.000, -7.609) 10.761 
J_iso: 2171936215.1315 
[Testing!] DMI: (57337.1887 379581.4867 -244607.6557)
[Testing!]J_ani:
[[-2.647e+05 -1.032e+02  1.844e+05]
 [-1.032e+02 -2.583e+05  1.185e+04]
 [ 1.844e+05  1.185e+04 -1.705e+09]]
----------------------------------------------------------------------------------------
   Mn1   Mn1   (  2,   0,   2) 2171714260.6769   ( 7.609,  0.000,  7.609) 10.761 
J_iso: 2171714260.6769 
[Testing!] DMI: (-69399.5031 3124.3311 -246323.6652)
[Testing!]J_ani:
[[-2.633e+05 -1.508e+02 -1.979e+05]
 [-1.508e+02 -2.575e+05 -2.290e+04]
 [-1.979e+05 -2.290e+04 -1.697e+09]]
----------------------------------------------------------------------------------------
   Mn1   Mn1   ( -2,  -2,  -1) 25091395977.4979   (-7.609, -7.609, -3.804) 11.413 
J_iso: 25091395977.4979 
[Testing!] DMI: (-833918.2967 833920.8252 57.6263)
[Testing!]J_ani:
[[-2.723e+06  2.216e+05 -1.204e+06]
 [ 2.216e+05 -2.723e+06 -1.205e+06]
 [-1.204e+06 -1.205e+06 -1.889e+10]]
----------------------------------------------------------------------------------------
   Mn1   Mn1   ( -2,  -2,   1) 25106608065.8961   (-7.609, -7.609,  3.804) 11.413 
J_iso: 25106608065.8961 
[Testing!] DMI: (7795556.0136 -7796580.8828 -989.5508)
[Testing!]J_ani:
[[-2.748e+06  2.196e+05  4.470e+05]
 [ 2.196e+05 -2.748e+06  4.470e+05]
 [ 4.470e+05  4.470e+05 -1.949e+10]]
----------------------------------------------------------------------------------------
   Mn1   Mn1   ( -2,   2,  -1) 25106821031.6416   (-7.609,  7.609, -3.804) 11.413 
J_iso: 25106821031.6416 
[Testing!] DMI: (-9310460.5795 1253206.5202 11279422.4968)
[Testing!]J_ani:
[[-2.745e+06 -2.201e+05 -4.061e+05]
 [-2.201e+05 -2.750e+06  4.733e+05]
 [-4.061e+05  4.733e+05 -1.946e+10]]
----------------------------------------------------------------------------------------
   Mn1   Mn1   ( -2,   2,   1) 25106820932.7899   (-7.609,  7.609,  3.804) 11.413 
J_iso: 25106820932.7899 
[Testing!] DMI: (1253008.6693 -9311662.6930 11280611.0655)
[Testing!]J_ani:
[[-2.750e+06 -2.201e+05  4.733e+05]
 [-2.201e+05 -2.745e+06 -4.061e+05]
 [ 4.733e+05 -4.061e+05 -1.946e+10]]
----------------------------------------------------------------------------------------
   Mn1   Mn1   (  2,  -2,  -1) 25106820932.7899   ( 7.609, -7.609, -3.804) 11.413 
J_iso: 25106820932.7899 
[Testing!] DMI: (-1253008.6693 9311662.6930 -11280611.0655)
[Testing!]J_ani:
[[-2.750e+06 -2.201e+05  4.733e+05]
 [-2.201e+05 -2.745e+06 -4.061e+05]
 [ 4.733e+05 -4.061e+05 -1.946e+10]]
----------------------------------------------------------------------------------------
   Mn1   Mn1   (  2,  -2,   1) 25106821031.6416   ( 7.609, -7.609,  3.804) 11.413 
J_iso: 25106821031.6416 
[Testing!] DMI: (9310460.5795 -1253206.5202 -11279422.4968)
[Testing!]J_ani:
[[-2.745e+06 -2.201e+05 -4.061e+05]
 [-2.201e+05 -2.750e+06  4.733e+05]
 [-4.061e+05  4.733e+05 -1.946e+10]]
----------------------------------------------------------------------------------------
   Mn1   Mn1   (  2,   2,  -1) 25106608065.8961   ( 7.609,  7.609, -3.804) 11.413 
J_iso: 25106608065.8961 
[Testing!] DMI: (-7795556.0136 7796580.8828 989.5508)
[Testing!]J_ani:
[[-2.748e+06  2.196e+05  4.470e+05]
 [ 2.196e+05 -2.748e+06  4.470e+05]
 [ 4.470e+05  4.470e+05 -1.949e+10]]
----------------------------------------------------------------------------------------
   Mn1   Mn1   (  2,   2,   1) 25091395977.4979   ( 7.609,  7.609,  3.804) 11.413 
J_iso: 25091395977.4979 
[Testing!] DMI: (833918.2967 -833920.8252 -57.6263)
[Testing!]J_ani:
[[-2.723e+06  2.216e+05 -1.204e+06]
 [ 2.216e+05 -2.723e+06 -1.205e+06]
 [-1.204e+06 -1.205e+06 -1.889e+10]]
----------------------------------------------------------------------------------------
   Mn1   Mn1   ( -1,  -2,  -2) 25091876998.2649   (-3.804, -7.609, -7.609) 11.413 
J_iso: 25091876998.2649 
[Testing!] DMI: (-1003160.5728 1093228.7400 431902.0435)
[Testing!]J_ani:
[[-2.504e+06  2.182e+05 -2.700e+06]
 [ 2.182e+05 -2.625e+06 -2.516e+06]
